1.0 1852.849542 1302.099158 215.000000 0.719755 -0.693995 -0.017292 -0.004902
2.0 1852.882457 1302.116476 215.000000 0.719808 -0.693951 -0.017223 -0.003347
3.0 1852.885398 1302.095248 215.000000 0.719790 -0.693951 -0.017882 -0.003742
4.0 1852.894731 1302.079792 215.000000 0.719768 -0.693955 -0.018184 -0.005434
5.0 1852.873394 1302.126457 215.000000 0.719752 -0.694025 -0.016578 -0.003425
6.0 1852.888758 1302.090142 215.000000 0.719625 -0.694087 -0.019241 -0.003556
7.0 1852.884125 1302.101584 215.000000 0.719728 -0.693987 -0.018851 -0.004291
8.0 1852.928538 1302.094838 215.000000 0.719574 -0.694108 -0.020612 -0.001488
9.0 1852.879727 1302.102546 215.000000 0.719862 -0.693839 -0.018913 -0.005299
10.0 1852.876067 1302.092004 215.000000 0.719853 -0.693839 -0.019351 -0.004969
11.0 1852.845263 1302.094296 215.000000 0.719883 -0.693861 -0.017066 -0.005772
12.0 1852.859938 1302.091243 215.000000 0.719919 -0.693773 -0.018805 -0.006429
13.0 1852.896677 1302.086015 215.000000 0.719895 -0.693796 -0.019212 -0.005332
14.0 1852.872932 1302.053724 215.000000 0.720018 -0.693651 -0.019371 -0.006939
15.0 1852.903971 1302.079820 215.000000 0.719929 -0.693765 -0.018814 -0.006221
16.0 1852.898762 1302.068368 215.000000 0.719916 -0.693739 -0.020194 -0.006333
17.0 1852.883085 1302.078563 215.000000 0.720185 -0.693473 -0.019031 -0.008206
18.0 1852.914675 1302.086561 215.000000 0.719781 -0.693898 -0.019974 -0.004641
19.0 1852.868757 1302.085143 215.000000 0.720090 -0.693585 -0.018628 -0.007973
20.0 1852.882412 1302.098574 215.000000 0.719941 -0.693743 -0.019044 -0.006483
21.0 1852.867152 1302.099716 215.000000 0.720051 -0.693621 -0.019185 -0.006954
22.0 1852.906133 1302.122498 215.000000 0.719872 -0.693838 -0.018767 -0.004525
23.0 1852.871537 1302.137163 215.000000 0.719758 -0.694014 -0.016645 -0.004105
24.0 1852.877171 1302.084717 215.000000 0.719820 -0.693929 -0.016968 -0.005832
25.0 1852.873645 1302.092730 215.000000 0.719891 -0.693815 -0.018574 -0.005696
26.0 1852.882986 1302.118885 215.000000 0.719697 -0.694075 -0.017032 -0.002481
27.0 1852.866462 1302.079090 215.000000 0.719928 -0.693832 -0.016202 -0.006112
28.0 1852.861067 1302.093615 215.000000 0.719730 -0.694004 -0.017968 -0.004867
29.0 1852.860282 1302.143493 215.000000 0.719650 -0.694197 -0.013683 -0.002709
30.0 1852.884238 1302.141917 215.000000 0.719596 -0.694210 -0.015885 -0.001455
31.0 1852.862553 1302.114872 215.000000 0.719658 -0.694140 -0.015883 -0.003044
32.0 1852.863700 1302.085311 215.000000 0.719805 -0.693936 -0.017870 -0.003718
33.0 1852.896323 1302.128627 215.000000 0.719482 -0.694310 -0.016672 -0.001252
34.0 1852.872619 1302.109054 215.000000 0.719654 -0.694154 -0.015689 -0.001685
35.0 1852.890365 1302.119462 215.000000 0.719557 -0.694238 -0.016465 -0.000618
36.0 1852.884107 1302.052066 215.000000 0.719961 -0.693748 -0.018343 -0.005766
37.0 1852.824100 1302.120787 215.000000 0.719708 -0.694111 -0.014762 -0.003451
38.0 1852.826805 1302.110057 215.000000 0.719935 -0.693854 -0.015262 -0.005175
39.0 1852.861784 1302.136514 215.000000 0.719523 -0.694273 -0.016409 -0.001332
40.0 1852.827046 1302.097294 215.000000 0.719824 -0.693946 -0.016351 -0.005079
41.0 1852.795888 1301.772605 215.000000 0.719148 -0.694689 -0.014383 -0.005093
42.0 1852.194870 1299.687865 215.000000 0.714687 -0.699326 -0.012149 -0.004242
43.0 1851.454920 1297.504619 215.000000 0.710064 -0.703962 -0.015271 -0.003533
44.0 1850.790336 1295.266427 215.000000 -0.705508 0.708506 0.016094 0.004413
45.0 1850.189614 1291.468905 215.000000 -0.697753 0.716097 0.017363 0.006653
46.0 1850.957859 1287.429214 215.000000 -0.690311 0.723230 0.019979 0.003294
47.0 1852.022400 1284.199304 215.000000 -0.684456 0.728884 0.015570 0.002381
48.0 1852.513040 1283.035126 215.000000 -0.683068 0.730119 0.017555 0.006017
49.0 1852.672059 1283.061443 215.000000 -0.683243 0.730004 0.015725 0.005044
50.0 1853.161259 1283.095256 215.000000 -0.683563 0.729681 0.017240 0.003202
51.0 1854.019162 1283.142942 215.000000 -0.684747 0.728592 0.016138 0.003798
52.0 1854.351700 1283.143591 215.000000 -0.685197 0.728150 0.016635 0.005013
53.0 1854.382580 1283.141455 215.000000 -0.685073 0.728304 0.015235 0.003939
54.0 1854.339375 1283.113331 215.000000 -0.685400 0.727945 0.016451 0.007245
55.0 1854.385916 1283.149264 215.000000 -0.685160 0.728205 0.016206 0.003261
56.0 1854.374660 1283.129287 215.000000 -0.685209 0.728128 0.017268 0.004458
57.0 1854.334174 1283.110919 215.000000 -0.685251 0.728071 0.016925 0.007512
58.0 1854.327221 1283.150527 215.000000 -0.685205 0.728149 0.015830 0.006586
59.0 1854.357253 1283.138419 215.000000 -0.685241 0.728108 0.016754 0.004786
60.0 1854.344263 1283.117202 215.000000 -0.685197 0.728162 0.015882 0.005800
61.0 1854.370142 1283.139771 215.000000 -0.685122 0.728211 0.017309 0.004051
62.0 1854.340479 1283.122339 215.000000 -0.685486 0.727845 0.017397 0.006989
63.0 1854.344899 1283.115891 215.000000 -0.685241 0.728060 0.018195 0.006466
64.0 1854.332170 1283.115172 215.000000 -0.685445 0.727863 0.018450 0.006280
65.0 1852.345268 1281.718174 215.000000 -0.686601 0.726783 0.019067 0.001315
66.0 1848.310430 1278.129088 215.000000 -0.688979 0.724455 0.021421 0.003769
67.0 1845.649852 1273.860601 215.000000 -0.685802 0.727540 0.018344 0.004875
68.0 1843.263662 1269.502356 215.000000 -0.681938 0.731170 0.018293 0.004018
69.0 1841.016642 1266.115176 215.000000 -0.680712 0.732237 0.020715 0.005474
70.0 1838.162665 1261.298838 215.000000 -0.678609 0.734181 0.020887 0.005608
71.0 1834.924622 1253.529985 215.000000 -0.675356 0.737176 0.021371 0.002945
72.0 1831.897388 1242.118808 215.000000 -0.671903 0.740384 0.019430 0.000458
73.0 1829.523801 1228.318434 215.000000 -0.672250 0.740045 0.020225 0.002026
74.0 1827.783385 1212.998906 215.000000 -0.678301 0.734505 0.020168 0.001772
75.0 1826.215427 1195.884238 215.000000 -0.686443 0.726903 0.020169 0.000647
76.0 1823.627226 1178.020706 215.000000 -0.694792 0.718898 0.021181 0.001301
77.0 1819.606089 1160.093781 215.000000 -0.701094 0.712785 0.019425 0.005241
78.0 1814.447698 1142.005374 215.000000 -0.704487 0.709459 0.018276 0.005611
79.0 1808.802886 1123.570701 215.000000 0.708152 -0.705837 -0.016573 -0.006319
80.0 1802.987914 1104.296795 215.000000 0.710571 -0.703403 -0.016164 -0.007111
81.0 1797.342617 1085.785598 215.000000 0.713112 -0.700806 -0.017209 -0.006715
82.0 1791.446388 1067.996454 215.000000 0.717066 -0.696762 -0.016593 -0.007953
83.0 1785.248681 1050.563412 215.000000 0.721521 -0.692144 -0.016227 -0.008984
84.0 1778.856721 1034.008625 215.000000 0.726393 -0.687005 -0.017233 -0.008964
85.0 1772.465438 1017.730781 215.000000 0.729713 -0.683494 -0.015901 -0.010105
86.0 1766.371652 1001.686646 215.000000 0.732094 -0.680938 -0.016393 -0.009659
87.0 1760.882660 985.881525 215.000000 0.732972 -0.679999 -0.015961 -0.009916
88.0 1756.211200 970.866697 215.000000 0.734105 -0.678784 -0.016062 -0.009168
89.0 1752.445769 957.034290 215.000000 0.736681 -0.675967 -0.016982 -0.009032
90.0 1749.125922 944.642332 215.000000 0.738925 -0.673517 -0.016206 -0.010077
91.0 1746.157266 932.924779 215.000000 0.739679 -0.672682 -0.016632 -0.009849
92.0 1743.611533 921.985608 215.000000 0.741030 -0.671221 -0.014435 -0.011364
93.0 1741.238690 911.364844 215.000000 0.741398 -0.670811 -0.014392 -0.011623
94.0 1738.904987 900.620750 215.000000 0.741121 -0.671130 -0.014500 -0.010724
95.0 1736.406556 889.859434 215.000000 0.741047 -0.671227 -0.013698 -0.010773
96.0 1733.863179 879.291427 215.000000 0.741090 -0.671182 -0.013506 -0.010893
97.0 1730.905523 869.173342 215.000000 0.741465 -0.670768 -0.013245 -0.011161
98.0 1727.651095 859.436389 215.000000 0.741903 -0.670296 -0.013186 -0.010470
99.0 1724.283346 849.957307 215.000000 0.741685 -0.670542 -0.013273 -0.010020
100.0 1720.867811 840.932374 215.000000 0.740859 -0.671451 -0.012428 -0.011275
101.0 1717.473935 832.277087 215.000000 0.739343 -0.673122 -0.012351 -0.011171
102.0 1713.924745 824.129269 215.000000 0.738689 -0.673838 -0.012771 -0.010896
103.0 1710.272170 816.483043 215.000000 0.738637 -0.673915 -0.012964 -0.009288
104.0 1706.405789 809.371598 215.000000 0.739732 -0.672722 -0.011066 -0.010963
105.0 1702.385660 802.996151 215.000000 0.740259 -0.672159 -0.011374 -0.009435
106.0 1698.191204 797.376930 215.000000 0.740796 -0.671549 -0.010616 -0.011470
107.0 1693.664681 791.836659 215.000000 0.741050 -0.671265 -0.011942 -0.010333
108.0 1689.172021 786.314767 215.000000 0.741499 -0.670773 -0.011355 -0.010638
109.0 1685.087807 781.537879 215.000000 0.740530 -0.671820 -0.012905 -0.010310
110.0 1681.809978 777.477588 215.000000 0.738472 -0.674090 -0.011493 -0.011391
111.0 1679.446616 774.260386 215.000000 0.735665 -0.677147 -0.012790 -0.010244
112.0 1678.143776 771.580508 215.000000 0.733499 -0.679509 -0.012145 -0.009954
113.0 1677.601990 769.463897 215.000000 0.731972 -0.681158 -0.011225 -0.010734
114.0 1677.289622 767.227805 215.000000 0.729364 -0.683928 -0.012952 -0.010152
115.0 1676.620311 764.788885 215.000000 0.728308 -0.685061 -0.011409 -0.011356
116.0 1675.183982 761.982109 215.000000 0.727369 -0.686064 -0.011999 -0.010338
117.0 1672.396686 758.358802 215.000000 0.727914 -0.685486 -0.012120 -0.010150
118.0 1668.755302 754.365171 215.000000 0.729395 -0.683904 -0.011778 -0.010915
119.0 1665.074533 750.173543 215.000000 0.730128 -0.683136 -0.011062 -0.010748
120.0 1660.811825 745.215678 215.000000 0.728965 -0.684365 -0.011995 -0.010516
121.0 1655.684322 739.334398 215.000000 0.726946 -0.686521 -0.011348 -0.010525
122.0 1650.285159 733.001410 215.000000 0.722749 -0.690933 -0.011894 -0.010201
123.0 1644.438122 726.312453 215.000000 0.718950 -0.694874 -0.011696 -0.011143
124.0 1637.602280 718.642770 215.000000 0.715290 -0.698643 -0.011788 -0.010894
125.0 1630.526269 710.475268 215.000000 0.712063 -0.701953 -0.010446 -0.010942
126.0 1623.595700 702.127438 215.000000 0.708521 -0.705522 -0.011000 -0.010753
127.0 1617.069359 693.910342 215.000000 -0.704603 0.709420 0.011684 0.011057
128.0 1610.907754 686.021523 215.000000 -0.700717 0.713292 0.010730 0.009770
129.0 1605.108163 678.436536 215.000000 -0.696988 0.716931 0.010404 0.010496
130.0 1599.287444 671.456111 215.000000 -0.694396 0.719461 0.009754 0.009764
131.0 1593.438902 665.057864 215.000000 -0.692881 0.720923 0.009041 0.010179
132.0 1587.311396 659.236079 215.000000 -0.691108 0.722619 0.009257 0.010279
133.0 1580.760375 653.318124 215.000000 -0.688507 0.725083 0.009106 0.011400
134.0 1573.851082 647.542210 215.000000 -0.685578 0.727845 0.009045 0.011959
135.0 1566.852286 641.746531 215.000000 -0.681783 0.731422 0.009095 0.010553
136.0 1559.670559 635.476651 215.000000 -0.677077 0.735784 0.009292 0.010089
137.0 1552.228137 628.989681 215.000000 -0.672855 0.739646 0.009130 0.010378
138.0 1545.088902 622.353123 215.000000 -0.667822 0.744193 0.009750 0.009794
139.0 1537.905558 615.759536 215.000000 -0.663030 0.748473 0.008858 0.010064
140.0 1531.390140 609.426317 215.000000 -0.656778 0.753957 0.009390 0.010197
141.0 1525.721210 602.981102 215.000000 -0.649212 0.760475 0.009339 0.010703
142.0 1521.012492 597.327667 215.000000 -0.641438 0.767047 0.009490 0.010325
143.0 1516.127744 591.825977 215.000000 -0.634115 0.773128 0.008377 0.010063
144.0 1510.283280 586.546953 215.000000 -0.627135 0.778787 0.010062 0.009538
145.0 1504.246238 582.219433 215.000000 -0.622377 0.782609 0.008271 0.010071
146.0 1498.092955 578.717343 215.000000 -0.618307 0.785830 0.008748 0.009616
147.0 1491.585629 575.595918 215.000000 -0.614287 0.788979 0.008994 0.009063
148.0 1484.912511 572.779593 215.000000 -0.610975 0.791532 0.009263 0.009978
149.0 1477.868961 570.505579 215.000000 -0.609552 0.792625 0.008822 0.010716
150.0 1470.785958 568.540789 215.000000 -0.607739 0.794039 0.008701 0.008939
151.0 1464.098704 566.351013 215.000000 -0.605830 0.795492 0.009061 0.008930
152.0 1457.945414 564.591520 215.000000 -0.605476 0.795754 0.008171 0.010335
153.0 1451.943257 563.151569 215.000000 -0.604622 0.796404 0.008417 0.010093
154.0 1445.773139 562.334955 215.000000 -0.605078 0.796049 0.009216 0.010070
155.0 1439.507125 562.019044 215.000000 -0.604710 0.796344 0.007358 0.010436
156.0 1432.879128 561.238069 215.000000 -0.602721 0.797852 0.008429 0.009410
157.0 1424.877835 559.851176 215.000000 -0.600042 0.799864 0.008328 0.009903
158.0 1412.842142 557.816817 215.000000 -0.598415 0.801078 0.007530 0.010782
159.0 1398.059373 555.065661 215.000000 -0.592895 0.805181 0.007266 0.010290
160.0 1385.598563 551.752189 215.000000 -0.581718 0.813289 0.007284 0.010542
161.0 1377.050234 548.439628 215.000000 -0.568987 0.822257 0.006667 0.010129
162.0 1372.189571 544.724188 215.000000 -0.553988 0.832440 0.006843 0.009720
163.0 1368.123816 538.859205 215.000000 -0.535344 0.844551 0.006895 0.009605
164.0 1362.887172 533.593999 215.000000 -0.523142 0.852163 0.006179 0.010108
165.0 1358.682968 531.294919 215.000000 -0.518683 0.854891 0.006480 0.009329
166.0 1356.239330 530.989677 215.000000 -0.516415 0.856259 0.007776 0.008689
167.0 1354.580402 530.378788 215.000000 -0.513004 0.858321 0.005779 0.008852
168.0 1349.197662 528.957780 215.000000 -0.507211 0.861753 0.006921 0.008386
169.0 1340.942270 527.114284 215.000000 -0.499525 0.866238 0.005205 0.008971
170.0 1332.997452 525.988087 215.000000 -0.493820 0.869490 0.006555 0.009256
171.0 1325.635444 525.828318 215.000000 -0.489863 0.871735 0.006583 0.008294
172.0 1319.888968 525.736362 215.000000 -0.485038 0.874438 0.005915 0.007855
173.0 1316.367708 525.662600 215.000000 -0.481931 0.876140 0.006898 0.008570
174.0 1313.136555 525.678109 215.000000 -0.480075 0.877164 0.006129 0.008625
175.0 1308.361052 525.747262 215.000000 -0.476317 0.879202 0.007633 0.008261
176.0 1301.238897 525.379293 215.000000 -0.471440 0.881827 0.007099 0.008619
177.0 1291.939867 524.711989 215.000000 -0.465902 0.884775 0.006807 0.007895
178.0 1280.165266 524.378412 215.000000 -0.463076 0.886257 0.006639 0.008067
179.0 1266.863931 524.344800 215.000000 -0.461247 0.887218 0.006109 0.007543
180.0 1253.751416 524.442765 215.000000 -0.458976 0.888404 0.005135 0.007205
181.0 1241.118185 525.205705 215.000000 -0.458337 0.888729 0.004911 0.007993
182.0 1227.206024 526.505007 215.000000 -0.456603 0.889633 0.004680 0.006756
183.0 1213.303602 527.229357 215.000000 -0.450769 0.892593 0.006160 0.006841
184.0 1199.487161 527.535843 215.000000 -0.442288 0.896831 0.005730 0.006557
185.0 1186.078872 527.585080 215.000000 -0.434419 0.900675 0.005115 0.006227
186.0 1172.749001 527.785414 215.000000 -0.426040 0.904663 0.006081 0.006159
187.0 1159.658532 528.312161 215.000000 -0.419688 0.907627 0.005813 0.006369
188.0 1146.680903 529.045920 215.000000 -0.413859 0.910301 0.005991 0.006033
189.0 1133.861772 529.633772 215.000000 -0.409996 0.912052 0.005550 0.005717
190.0 1121.509210 530.551198 215.000000 -0.408537 0.912710 0.004900 0.005790
191.0 1109.272067 531.874789 215.000000 -0.407523 0.913157 0.005994 0.005767
192.0 1098.063611 532.768562 215.000000 -0.405450 0.914078 0.005990 0.005908
193.0 1088.252963 533.550082 215.000000 -0.402684 0.915304 0.005737 0.005611
194.0 1078.514048 534.440329 215.000000 -0.399433 0.916734 0.004655 0.005491
195.0 1068.509525 535.504920 215.000000 -0.393443 0.919302 0.006976 0.006167
196.0 1058.842355 536.445770 215.000000 -0.385085 0.922848 0.004991 0.006087
197.0 1049.491477 537.872696 215.000000 -0.377548 0.925971 0.003758 0.004721
198.0 1041.658602 539.564870 215.000000 -0.370599 0.928768 0.004929 0.004719
199.0 1036.039115 541.314549 215.000000 -0.365413 0.930813 0.005301 0.005666
200.0 1031.074794 543.237837 215.000000 -0.360554 0.932700 0.006353 0.005585
201.0 1028.750040 544.139351 215.000000 -0.356640 0.934207 0.005604 0.005718
202.0 1029.050200 543.992959 215.000000 -0.356654 0.934209 0.004523 0.005566
203.0 1030.458269 543.793757 215.000000 -0.354893 0.934877 0.004945 0.005534
204.0 1030.412497 543.795051 215.000000 -0.354848 0.934901 0.004578 0.004813
205.0 1030.279440 543.932095 215.000000 -0.354961 0.934858 0.003450 0.005567
206.0 1030.087167 544.247567 215.000000 -0.355126 0.934785 0.005450 0.005662
207.0 1029.736671 544.476209 215.000000 -0.355636 0.934598 0.004924 0.005145
208.0 1029.215764 544.669257 215.000000 -0.355922 0.934491 0.004304 0.005337
209.0 1029.251298 544.709931 215.000000 -0.355775 0.934535 0.005119 0.006518
210.0 1029.242623 544.657862 215.000000 -0.355924 0.934484 0.004909 0.005813
211.0 1029.277086 544.690990 215.000000 -0.355509 0.934638 0.005582 0.005861
212.0 1029.250122 544.671367 215.000000 -0.355480 0.934653 0.005038 0.005665
213.0 1029.239300 544.692388 215.000000 -0.355790 0.934540 0.004389 0.005347
214.0 1029.274082 544.680177 215.000000 -0.355420 0.934671 0.005712 0.005891
215.0 1029.259754 544.632819 215.000000 -0.355814 0.934525 0.004465 0.006285
216.0 1029.239517 544.654347 215.000000 -0.355728 0.934558 0.005122 0.005725
217.0 1029.254514 544.694460 215.000000 -0.355856 0.934517 0.003843 0.005508
218.0 1029.281311 544.683350 215.000000 -0.355883 0.934502 0.004691 0.005640
219.0 1029.280890 544.688250 215.000000 -0.355868 0.934510 0.004117 0.005577
220.0 1029.278730 544.714311 215.000000 -0.355758 0.934545 0.005258 0.005868
221.0 1029.310396 544.650495 215.000000 -0.355767 0.934548 0.004595 0.005480
222.0 1029.282771 544.681392 215.000000 -0.355556 0.934626 0.004930 0.005518
223.0 1029.235394 544.677353 215.000000 -0.355818 0.934532 0.004074 0.005263
224.0 1029.245753 544.674125 215.000000 -0.355811 0.934535 0.003633 0.005486
225.0 1029.270017 544.700349 215.000000 -0.356052 0.934444 0.003216 0.005520
226.0 1029.257827 544.681112 215.000000 -0.356163 0.934397 0.003962 0.005890
227.0 1029.204032 544.692927 215.000000 -0.355645 0.934589 0.005406 0.005545
228.0 1029.270930 544.660799 215.000000 -0.355713 0.934568 0.004675 0.005321
229.0 1029.243218 544.648140 215.000000 -0.355751 0.934547 0.005292 0.005838
230.0 1029.285716 544.629313 215.000000 -0.355747 0.934548 0.005580 0.005707
231.0 1029.245232 544.648148 215.000000 -0.355954 0.934479 0.003969 0.005469
232.0 1029.212677 544.661634 215.000000 -0.355644 0.934591 0.005182 0.005512
233.0 1029.253569 544.660139 215.000000 -0.355695 0.934574 0.004597 0.005542
234.0 1028.708900 544.238665 215.000000 -0.353688 0.935329 0.005209 0.006099
235.0 1026.237097 544.477388 215.000000 -0.346831 0.937894 0.005390 0.005739
236.0 1022.706714 547.038302 215.000000 -0.340634 0.940167 0.004351 0.005903
237.0 1018.984421 548.733971 215.000000 -0.333378 0.942762 0.005645 0.005279
238.0 1014.990969 549.985761 215.000000 -0.327132 0.944949 0.004943 0.005632
239.0 1011.741660 551.260375 215.000000 -0.323812 0.946090 0.004804 0.006026
240.0 1009.074311 551.825437 215.000000 -0.321018 0.947039 0.005686 0.005753
241.0 1005.761361 552.055705 215.000000 -0.317243 0.948312 0.005307 0.005766
242.0 1001.900105 551.985034 215.000000 -0.312448 0.949903 0.005015 0.006001
243.0 997.352002 551.258790 215.000000 -0.304865 0.952363 0.005254 0.005843
244.0 992.015701 549.959557 215.000000 -0.295970 0.955177 0.004204 0.004582
245.0 985.674754 547.884449 215.000000 -0.286359 0.958098 0.004703 0.004888
246.0 977.753757 547.206184 215.000000 -0.277365 0.960735 0.005432 0.005218
247.0 968.512171 547.495222 215.000000 -0.267970 0.963404 0.004799 0.004632
248.0 958.319623 548.761723 215.000000 -0.258972 0.965870 0.003452 0.004107
249.0 947.181975 550.796316 215.000000 -0.247341 0.968905 0.004570 0.004872
250.0 935.280775 554.448541 215.000000 -0.235668 0.971811 0.005188 0.004090
251.0 924.052862 558.220430 215.000000 -0.229344 0.973328 0.003620 0.004537
252.0 913.622411 561.656289 215.000000 -0.223167 0.974754 0.005232 0.004988
253.0 903.407233 565.844863 215.000000 -0.217842 0.975956 0.005742 0.004565
254.0 893.385134 571.238326 215.000000 -0.213041 0.977025 0.003757 0.004541
255.0 883.272974 577.078255 215.000000 -0.206941 0.978322 0.005284 0.005831
256.0 873.851529 583.250327 215.000000 -0.202772 0.979204 0.004007 0.005266
257.0 865.192646 588.998712 215.000000 -0.200396 0.979691 0.004022 0.005588
258.0 857.168398 594.115119 215.000000 -0.197240 0.980327 0.004653 0.005715
259.0 849.407348 598.646210 215.000000 -0.193397 0.981087 0.004966 0.006412
260.0 842.005185 603.145843 215.000000 -0.189748 0.981802 0.004723 0.006154
261.0 834.677556 607.613711 215.000000 -0.187012 0.982324 0.004890 0.006440
262.0 826.674382 611.557188 215.000000 -0.183205 0.983043 0.004932 0.006116
263.0 817.743185 615.521035 215.000000 -0.177910 0.984027 0.003382 0.005319
264.0 807.997706 620.037865 215.000000 -0.170190 0.985394 0.002931 0.005078
265.0 799.353674 624.509471 215.000000 -0.167226 0.985900 0.002772 0.005314
266.0 790.678491 629.319536 215.000000 -0.162973 0.986615 0.002796 0.004693
267.0 781.599618 635.343633 215.000000 -0.157020 0.987575 0.003488 0.005244
268.0 773.824329 642.747273 215.000000 -0.154734 0.987943 0.002084 0.004602
269.0 767.465500 650.594976 215.000000 -0.153694 0.988103 0.002466 0.004900
270.0 761.848180 658.568054 215.000000 -0.150812 0.988547 0.002403 0.005027
271.0 755.769207 667.583653 215.000000 -0.143905 0.989576 0.002870 0.004807
272.0 748.226596 678.381824 215.000000 -0.132846 0.991118 0.002238 0.005632
273.0 738.971389 691.621210 215.000000 -0.114291 0.993437 0.001820 0.004233
274.0 727.838790 706.265560 215.000000 -0.093656 0.995584 0.003823 0.005085
275.0 715.113095 722.319872 215.000000 -0.076112 0.997081 0.003281 0.005064
276.0 702.452627 742.171764 215.000000 -0.065518 0.997837 0.001867 0.005111
277.0 690.831229 762.584052 215.000000 -0.067793 0.997680 0.003387 0.005233
278.0 681.057372 780.974545 215.000000 -0.074618 0.997189 0.003871 0.005655
279.0 673.146211 796.700171 215.000000 -0.078655 0.996879 0.002912 0.006063
280.0 666.330411 809.295662 215.000000 -0.076064 0.997079 0.003002 0.006252
281.0 660.427092 820.165298 215.000000 -0.069364 0.997562 0.003729 0.006670
282.0 656.483111 832.577064 215.000000 -0.064338 0.997899 0.003093 0.006999
283.0 653.714982 847.841952 215.000000 -0.058762 0.998244 0.002617 0.007069
284.0 650.761255 863.411776 215.000000 -0.054127 0.998500 0.002663 0.007846
285.0 647.187728 877.498516 215.000000 -0.050546 0.998679 0.004235 0.008227
286.0 643.430394 890.227490 215.000000 -0.045814 0.998911 0.003157 0.008215
287.0 639.721927 902.017273 215.000000 -0.038859 0.999204 0.003869 0.008203
288.0 636.322380 913.973217 215.000000 -0.032458 0.999420 0.004390 0.009294
289.0 633.252329 925.551357 215.000000 -0.028574 0.999550 0.003106 0.008585
290.0 630.945964 937.350527 215.000000 -0.026675 0.999592 0.004538 0.009191
291.0 629.264394 949.889514 215.000000 -0.025258 0.999630 0.004211 0.009151
292.0 627.364374 963.108792 215.000000 -0.025222 0.999629 0.004020 0.009466
293.0 625.538571 977.371857 215.000000 -0.026852 0.999584 0.004528 0.009546
294.0 623.045232 992.409421 215.000000 -0.029191 0.999512 0.004218 0.010249
295.0 619.992872 1007.679347 215.000000 -0.031831 0.999434 0.004232 0.010076
296.0 616.852520 1021.981303 215.000000 -0.033647 0.999372 0.004835 0.009986
297.0 613.742101 1034.657391 215.000000 -0.035281 0.999308 0.003913 0.011150
298.0 611.081211 1046.799486 215.000000 -0.034085 0.999341 0.004580 0.011592
299.0 608.926569 1060.238736 215.000000 -0.030884 0.999455 0.003767 0.011019
300.0 607.493746 1075.123161 215.000000 -0.027917 0.999533 0.004058 0.011767
301.0 605.898157 1089.637588 215.000000 -0.027201 0.999555 0.003318 0.011777
302.0 604.480097 1104.144390 215.000000 -0.029065 0.999499 0.003536 0.012053
303.0 603.618312 1117.550538 215.000000 -0.031516 0.999421 0.004074 0.012128
304.0 603.719112 1130.570156 215.000000 -0.033496 0.999358 0.003995 0.012033
305.0 604.380509 1143.113945 215.000000 -0.033344 0.999354 0.003843 0.012862
306.0 605.131980 1155.128278 215.000000 -0.032172 0.999396 0.003436 0.012701
307.0 605.712028 1167.456814 215.000000 -0.029259 0.999485 0.002927 0.012817
308.0 606.869905 1180.643743 215.000000 -0.028260 0.999508 0.003896 0.013074
309.0 608.123383 1194.622489 215.000000 -0.027804 0.999522 0.003215 0.013134
310.0 608.837151 1209.019305 215.000000 -0.026876 0.999544 0.003342 0.013344
311.0 607.827120 1222.779144 215.000000 -0.025174 0.999577 0.004029 0.013988
312.0 605.574653 1238.756849 215.000000 -0.018909 0.999730 0.001784 0.013392
313.0 603.504994 1256.816008 215.000000 -0.014304 0.999801 -0.002903 0.013569
314.0 602.233215 1276.336276 215.000000 -0.009533 0.999846 -0.002573 0.014522
315.0 602.557354 1296.962093 215.000000 -0.004885 0.999866 0.004305 0.014993
316.0 602.635242 1320.055994 215.000000 0.000039 0.999875 0.003385 0.015454
317.0 603.141617 1343.530922 215.000000 0.001931 0.999865 0.004040 0.015821
318.0 604.222820 1364.924937 215.000000 -0.002378 0.999865 0.001595 0.016173
319.0 605.006428 1383.458116 215.000000 -0.005612 0.999843 0.002110 0.016686
320.0 606.295615 1400.317108 215.000000 -0.009286 0.999806 0.001583 0.017321
321.0 609.019504 1418.185903 215.000000 -0.014693 0.999744 0.000692 0.017179
322.0 612.068293 1435.759233 215.000000 -0.019029 0.999649 0.000781 0.018423
323.0 614.725563 1451.631019 215.000000 -0.021321 0.999599 0.000897 0.018611
324.0 617.195569 1466.061255 215.000000 -0.021914 0.999592 0.001317 0.018288
325.0 619.456141 1479.676424 215.000000 -0.022044 0.999584 0.001143 0.018537
326.0 621.742942 1493.388165 215.000000 -0.022849 0.999566 0.000570 0.018583
327.0 624.291023 1508.204791 215.000000 -0.024021 0.999523 0.000160 0.019397
328.0 627.252270 1524.728068 215.000000 -0.024207 0.999523 0.001290 0.019158
329.0 629.184405 1542.100300 215.000000 -0.021405 0.999577 0.000067 0.019693
330.0 629.987342 1559.158025 215.000000 -0.017560 0.999656 0.001042 0.019431
331.0 629.942145 1574.888246 215.000000 -0.015677 0.999686 -0.000017 0.019563
332.0 629.375008 1589.833403 215.000000 -0.016633 0.999652 -0.001810 0.020404
333.0 628.573182 1603.475036 215.000000 -0.015866 0.999678 -0.000566 0.019810
334.0 627.719114 1616.480018 215.000000 -0.014800 0.999694 -0.002050 0.019726
335.0 626.955519 1630.285327 215.000000 -0.009922 0.999754 -0.000994 0.019821
336.0 626.246366 1645.174206 215.000000 -0.003313 0.999801 -0.001025 0.019660
337.0 625.187130 1661.466409 215.000000 0.003192 0.999797 -0.003126 0.019643
338.0 625.434838 1679.345737 215.000000 0.009753 0.999737 -0.003882 0.020409
339.0 626.960055 1698.165306 215.000000 0.012684 0.999742 -0.003518 0.018488
340.0 629.372059 1717.794999 215.000000 0.016358 0.999658 -0.001311 0.020372
341.0 632.647488 1738.666659 215.000000 0.018713 0.999618 -0.001434 0.020281
342.0 636.372546 1760.056511 215.000000 0.019232 0.999610 -0.004146 0.019798
343.0 640.015448 1781.285941 215.000000 0.018465 0.999635 -0.004665 0.019175
344.0 643.391461 1801.751937 215.000000 0.018023 0.999644 -0.003900 0.019266
345.0 647.929153 1823.343866 215.000000 0.018870 0.999616 -0.003449 0.020001
346.0 654.012507 1847.950337 215.000000 0.020693 0.999575 -0.004237 0.020100
347.0 660.525502 1873.419056 215.000000 0.021320 0.999597 -0.001672 0.018673
348.0 666.720659 1898.267734 215.000000 0.018616 0.999648 -0.001713 0.018846
349.0 672.765739 1922.933589 215.000000 0.016289 0.999688 -0.003834 0.018518
350.0 678.637789 1946.478099 215.000000 0.014722 0.999733 -0.003437 0.017477
351.0 683.624233 1967.516486 215.000000 0.013305 0.999761 -0.003847 0.016915
352.0 687.574414 1985.255510 215.000000 0.011696 0.999792 -0.005143 0.015919
353.0 690.952953 1999.290055 215.000000 0.011078 0.999811 -0.004384 0.015387
354.0 693.859444 2010.043020 215.000000 0.012006 0.999812 -0.005513 0.014181
355.0 696.642152 2018.203011 215.000000 0.015604 0.999750 -0.005786 0.014902
356.0 699.540108 2024.415604 215.000000 0.019187 0.999711 -0.005163 0.013540
357.0 701.414305 2027.815094 215.000000 0.021605 0.999646 -0.004178 0.014967
358.0 701.786733 2028.387682 215.000000 0.021689 0.999654 -0.004164 0.014292
359.0 701.768124 2028.351553 215.000000 0.021904 0.999632 -0.004950 0.015241
360.0 701.617597 2028.166043 215.000000 0.021861 0.999646 -0.004257 0.014558
361.0 701.361165 2027.872495 215.000000 0.022599 0.999609 -0.004795 0.015774
362.0 701.368370 2027.864124 215.000000 0.022642 0.999616 -0.003974 0.015456
363.0 701.358710 2027.898335 215.000000 0.022422 0.999606 -0.005829 0.015839
364.0 701.408360 2027.916377 215.000000 0.022471 0.999621 -0.004189 0.015373
365.0 701.891793 2028.374560 215.000000 0.022607 0.999625 -0.004490 0.014794
366.0 702.428701 2029.501487 215.000000 0.023937 0.999604 -0.004435 0.014111
367.0 702.546650 2029.763678 215.000000 0.023937 0.999595 -0.005393 0.014412
368.0 702.507870 2029.737515 215.000000 0.023982 0.999589 -0.004841 0.014954
369.0 702.546378 2029.745378 215.000000 0.024016 0.999591 -0.005064 0.014711
370.0 702.544170 2029.709528 215.000000 0.024026 0.999594 -0.004504 0.014604
371.0 702.864445 2029.424235 215.000000 0.022649 0.999638 -0.004643 0.013749
372.0 703.603746 2028.580305 215.000000 0.019978 0.999633 -0.006234 0.017218
373.0 704.423244 2027.878191 215.000000 0.016897 0.999736 -0.004094 0.015014
374.0 704.545985 2027.840138 215.000000 0.016570 0.999749 -0.004600 0.014357
375.0 704.575389 2027.767841 215.000000 0.016397 0.999745 -0.004370 0.014878
376.0 704.561972 2027.742868 215.000000 0.016510 0.999750 -0.004268 0.014434
377.0 704.464231 2027.262277 215.000000 0.016126 0.999753 -0.003183 0.014943
378.0 704.059995 2026.503094 215.000000 0.015475 0.999754 -0.005375 0.014967
379.0 704.075056 2026.496299 215.000000 0.015427 0.999761 -0.005288 0.014552
380.0 704.061585 2026.476573 215.000000 0.015576 0.999746 -0.005402 0.015374
381.0 704.066778 2026.471463 215.000000 0.015553 0.999751 -0.005488 0.015020
382.0 704.099010 2026.483480 215.000000 0.015424 0.999747 -0.006433 0.015087
383.0 704.082446 2026.501056 215.000000 0.015599 0.999755 -0.005284 0.014759
384.0 704.075003 2026.468944 215.000000 0.015573 0.999751 -0.005487 0.015007
385.0 704.073665 2026.487536 215.000000 0.015469 0.999748 -0.005938 0.015177
386.0 704.061291 2026.522739 215.000000 0.015531 0.999752 -0.005737 0.014906
387.0 704.062951 2026.479844 215.000000 0.015448 0.999744 -0.006220 0.015308
388.0 704.092536 2026.471761 215.000000 0.015548 0.999756 -0.005214 0.014815
389.0 704.093571 2026.473422 215.000000 0.015466 0.999750 -0.005952 0.014988
390.0 704.067345 2026.469264 215.000000 0.015511 0.999752 -0.005338 0.015061
391.0 704.056529 2026.495516 215.000000 0.015609 0.999752 -0.004992 0.015065
392.0 704.050046 2026.490487 215.000000 0.015483 0.999744 -0.006076 0.015320
393.0 704.054945 2026.459367 215.000000 0.015403 0.999754 -0.005578 0.014979
394.0 704.067463 2026.480175 215.000000 0.015541 0.999747 -0.005642 0.015233
395.0 704.063061 2026.471849 215.000000 0.015571 0.999754 -0.005671 0.014721
396.0 704.052165 2026.502434 215.000000 0.015452 0.999749 -0.006210 0.014988
397.0 704.087330 2026.527677 215.000000 0.015501 0.999756 -0.006138 0.014517
398.0 704.044608 2026.506096 215.000000 0.015699 0.999742 -0.005959 0.015296
399.0 704.046198 2026.477216 215.000000 0.015556 0.999751 -0.005178 0.015147
400.0 704.061385 2026.488585 215.000000 0.015374 0.999760 -0.005501 0.014634
401.0 704.061224 2026.476266 215.000000 0.015530 0.999753 -0.005239 0.015024
402.0 704.059667 2026.485253 215.000000 0.015533 0.999755 -0.005171 0.014902
403.0 704.067747 2026.503546 215.000000 0.015680 0.999751 -0.005767 0.014776
404.0 704.089398 2026.493643 215.000000 0.015470 0.999764 -0.005275 0.014334
405.0 704.082349 2026.516480 215.000000 0.015586 0.999739 -0.006287 0.015502
406.0 704.081111 2026.512782 215.000000 0.015446 0.999751 -0.006356 0.014830
407.0 704.070311 2026.506924 215.000000 0.015450 0.999744 -0.006322 0.015246
408.0 704.063056 2026.485651 215.000000 0.015761 0.999747 -0.005521 0.015050
409.0 704.053888 2026.480275 215.000000 0.015770 0.999747 -0.005376 0.015084
410.0 704.076903 2026.494557 215.000000 0.015685 0.999753 -0.005368 0.014771
411.0 704.085240 2026.521363 215.000000 0.015506 0.999754 -0.006271 0.014584
412.0 704.083941 2026.501648 215.000000 0.015645 0.999756 -0.005504 0.014606
413.0 704.075026 2026.509291 215.000000 0.015612 0.999754 -0.005444 0.014806
414.0 704.057435 2026.485914 215.000000 0.015676 0.999756 -0.004309 0.014938
415.0 704.062470 2026.475563 215.000000 0.015692 0.999747 -0.004933 0.015337
416.0 704.068671 2026.508519 215.000000 0.015561 0.999741 -0.006341 0.015337
417.0 704.063023 2026.496214 215.000000 0.015692 0.999755 -0.004902 0.014853
418.0 704.042918 2026.508397 215.000000 0.015503 0.999747 -0.006001 0.015138
419.0 704.061101 2026.479157 215.000000 0.015504 0.999746 -0.005559 0.015399
420.0 704.484505 2026.097979 215.000000 0.016116 0.999756 -0.003893 0.014608
421.0 705.492882 2025.839950 215.000000 0.016974 0.999729 -0.005403 0.014982
422.0 705.460599 2026.150089 215.000000 0.018074 0.999718 -0.004499 0.014711
423.0 705.447227 2029.075855 215.000000 0.025513 0.999543 -0.005758 0.015126
424.0 705.866186 2033.113495 215.000000 0.030992 0.999398 -0.005835 0.014462
425.0 706.762746 2039.105330 215.000000 0.035222 0.999250 -0.005458 0.015103
426.0 709.268070 2047.676098 215.000000 0.037428 0.999173 -0.005273 0.015018
427.0 713.826635 2058.046713 215.000000 0.034578 0.999265 -0.005969 0.015436
428.0 720.715284 2070.160147 215.000000 0.029356 0.999443 -0.006226 0.014593
429.0 729.023068 2084.556696 215.000000 0.023098 0.999593 -0.006198 0.015522
430.0 738.759534 2101.083235 215.000000 0.014293 0.999778 -0.006665 0.014002
431.0 749.991982 2119.014032 215.000000 0.006329 0.999846 -0.007302 0.014639
432.0 762.576584 2137.551663 215.000000 -0.000856 0.999887 -0.006093 0.013698
433.0 775.383589 2156.915972 215.000000 -0.008032 0.999865 -0.006107 0.012965
434.0 788.367179 2176.656136 215.000000 -0.013525 0.999801 -0.007045 0.012843
435.0 801.798140 2195.460185 215.000000 -0.015423 0.999785 -0.006883 0.012060
436.0 815.600017 2213.011922 215.000000 -0.015174 0.999787 -0.007629 0.011686
437.0 829.420711 2229.603152 215.000000 -0.014914 0.999794 -0.008500 0.010802
438.0 843.296825 2244.901020 215.000000 -0.015431 0.999785 -0.008898 0.010588
439.0 856.899446 2258.606260 215.000000 -0.016345 0.999782 -0.008352 0.009954
440.0 869.634543 2271.555916 215.000000 -0.016534 0.999774 -0.009705 0.009208
441.0 881.615200 2284.436570 215.000000 -0.015846 0.999778 -0.009957 0.009683
442.0 892.980616 2297.426692 215.000000 -0.014120 0.999795 -0.010576 0.009914
443.0 904.606579 2309.473157 215.000000 -0.013132 0.999818 -0.011015 0.008417
444.0 916.606968 2320.539276 215.000000 -0.011692 0.999831 -0.011069 0.008895
445.0 928.735544 2331.542656 215.000000 -0.010499 0.999848 -0.011376 0.008013
446.0 941.256169 2341.616112 215.000000 -0.011535 0.999839 -0.011626 0.007381
447.0 954.304319 2350.727139 215.000000 -0.013950 0.999803 -0.012097 0.007236
448.0 967.788120 2358.608613 215.000000 -0.015052 0.999766 -0.013254 0.008144
449.0 981.332953 2365.624197 215.000000 -0.016143 0.999756 -0.012781 0.007999
450.0 995.004907 2372.529885 215.000000 -0.015945 0.999754 -0.013467 0.007534
451.0 1009.115713 2378.495193 215.000000 -0.017725 0.999729 -0.013656 0.006473
452.0 1023.084007 2382.602885 215.000000 -0.024240 0.999584 -0.013868 0.007170
453.0 1036.046724 2385.301676 215.000000 -0.031021 0.999398 -0.014122 0.006449
454.0 1048.231385 2386.201062 215.000000 -0.035499 0.999244 -0.014786 0.005779
455.0 1060.252646 2385.034667 215.000000 -0.037532 0.999155 -0.015175 0.007139
456.0 1072.781185 2382.275323 215.000000 -0.040022 0.999057 -0.015764 0.005981
457.0 1086.244960 2378.290651 215.000000 -0.044273 0.998878 -0.015797 0.005806
458.0 1099.789382 2373.435172 215.000000 -0.051209 0.998546 -0.016283 0.004334
459.0 1112.809570 2367.949959 215.000000 -0.055491 0.998300 -0.016902 0.005719
460.0 1125.735873 2361.334564 215.000000 -0.059943 0.998036 -0.017174 0.006028
461.0 1138.142765 2353.273983 215.000000 -0.062507 0.997889 -0.016855 0.005158
462.0 1149.142954 2345.905685 215.000000 -0.061081 0.997964 -0.017254 0.006196
463.0 1158.914038 2338.683536 215.000000 -0.060642 0.997998 -0.017254 0.004972
464.0 1168.358393 2329.920011 215.000000 -0.062141 0.997900 -0.017189 0.006244
465.0 1178.446390 2318.752066 215.000000 -0.065932 0.997656 -0.017538 0.005189
466.0 1188.692495 2305.742167 215.000000 -0.071377 0.997299 -0.016633 0.004789
467.0 1198.913772 2291.034465 215.000000 -0.077219 0.996878 -0.015605 0.005272
468.0 1208.957798 2275.293851 215.000000 -0.082890 0.996429 -0.015230 0.005123
469.0 1219.042464 2258.829814 215.000000 -0.086885 0.996096 -0.014675 0.005369
470.0 1229.603213 2241.473309 215.000000 -0.090132 0.995820 -0.013689 0.005651
471.0 1240.231933 2223.935372 215.000000 -0.093123 0.995504 -0.016997 0.003252
472.0 1250.191455 2206.513835 215.000000 -0.093933 0.995437 -0.015847 0.005492
473.0 1259.254012 2189.157886 215.000000 -0.094289 0.995377 -0.016815 0.007137
474.0 1267.318935 2171.730165 215.000000 -0.097437 0.995109 -0.015964 0.002928
475.0 1274.115552 2155.052703 215.000000 -0.100308 0.994865 -0.012598 0.004908
476.0 1280.297330 2138.951652 215.000000 -0.104787 0.994403 -0.013116 0.003251
477.0 1286.233958 2123.261503 215.000000 -0.109509 0.993806 -0.018565 0.003502
478.0 1292.429982 2107.948687 215.000000 -0.111976 0.993533 -0.018472 0.003590
479.0 1298.687315 2093.704637 215.000000 -0.111572 0.993522 -0.021065 0.004789
480.0 1304.902625 2080.909433 215.000000 -0.109250 0.993793 -0.020514 0.004423
481.0 1310.896405 2070.098230 215.000000 -0.105371 0.994200 -0.020072 0.007837
482.0 1316.479372 2061.085507 215.000000 -0.103980 0.994483 -0.013808 0.001255
483.0 1320.809239 2054.659633 215.000000 -0.102677 0.994357 -0.026518 -0.002895
484.0 1324.223102 2050.518777 215.000000 -0.103171 0.994411 -0.018767 -0.012277
485.0 1325.987667 2049.555411 215.000000 -0.100907 0.994428 -0.030498 -0.000201
486.0 1326.883538 2051.231268 215.000000 -0.096721 0.995063 -0.020412 0.008807
487.0 1327.760995 2056.667048 215.000000 -0.093019 0.995425 -0.021507 0.003695
488.0 1329.050248 2065.034320 215.000000 -0.092169 0.995454 -0.021525 0.010588
489.0 1331.061977 2075.992720 215.000000 -0.096954 0.995001 -0.018375 0.015367
490.0 1334.475408 2088.996358 215.000000 -0.106496 0.994089 -0.020475 0.005165
491.0 1339.417944 2104.108929 215.000000 -0.112210 0.993453 -0.021010 0.004296
492.0 1345.572438 2121.486607 215.000000 -0.116615 0.992927 -0.020722 0.008175
493.0 1352.777465 2141.241747 215.000000 -0.123240 0.992162 -0.019562 0.006674
494.0 1359.924463 2162.746849 215.000000 -0.131377 0.991112 -0.020433 0.004504
495.0 1367.403310 2184.815914 215.000000 -0.138431 0.990159 -0.019691 0.005941
496.0 1375.612092 2206.895921 215.000000 -0.145254 0.989204 -0.019179 0.003086
497.0 1384.753339 2229.243995 215.000000 -0.149800 0.988504 -0.020297 0.002815
498.0 1395.001580 2252.094058 215.000000 -0.152201 0.988133 -0.020299 0.003937
499.0 1406.573830 2275.443966 215.000000 -0.157516 0.987290 -0.020860 0.003581
500.0 1419.607858 2299.119485 215.000000 -0.165391 0.986016 -0.020190 0.003270
501.0 1433.941666 2322.991503 215.000000 -0.175672 0.984216 -0.021048 0.003769
502.0 1449.871353 2346.763546 215.000000 -0.188196 0.981886 -0.021686 0.003543
503.0 1467.915412 2369.765466 215.000000 -0.202573 0.979012 -0.022180 0.002637
504.0 1488.578270 2391.413077 215.000000 -0.215884 0.976120 -0.023846 0.003924
505.0 1511.898422 2411.855042 215.000000 -0.229975 0.972935 -0.022225 0.003799
506.0 1536.956131 2431.187670 215.000000 -0.243730 0.969612 -0.021013 0.002759
507.0 1562.828328 2448.446563 215.000000 -0.257842 0.965993 -0.019244 0.002142
508.0 1589.253454 2462.995481 215.000000 -0.269572 0.962828 -0.017081 0.001149
509.0 1615.944809 2474.316089 215.000000 -0.280119 0.959834 -0.015905 -0.000100
510.0 1641.361014 2482.475463 215.000000 -0.289074 0.957200 -0.014261 -0.001179
511.0 1664.943660 2487.854598 215.000000 -0.296002 0.955084 -0.013706 -0.003161
512.0 1685.985596 2490.771842 215.000000 -0.300631 0.953653 -0.012183 -0.004228
513.0 1704.100412 2491.981700 215.000000 -0.304221 0.952507 -0.012540 -0.004846
514.0 1719.011012 2491.495370 215.000000 -0.308059 0.951270 -0.012259 -0.005874
515.0 1730.087606 2490.027611 215.000000 -0.312265 0.949907 -0.011369 -0.006215
516.0 1738.526413 2488.971087 215.000000 -0.312829 0.949717 -0.011470 -0.006583
517.0 1743.839131 2487.916657 215.000000 -0.314014 0.949331 -0.010685 -0.007134
518.0 1744.523054 2487.697192 215.000000 -0.314369 0.949203 -0.011589 -0.007125
519.0 1744.527006 2487.709487 215.000000 -0.314223 0.949262 -0.011231 -0.006283
520.0 1744.505089 2487.711064 215.000000 -0.314562 0.949149 -0.010971 -0.006792
521.0 1744.526299 2487.705137 215.000000 -0.314275 0.949237 -0.011645 -0.006723
522.0 1744.522017 2487.724629 215.000000 -0.314574 0.949146 -0.010803 -0.006896
523.0 1744.513505 2487.704707 215.000000 -0.314486 0.949174 -0.010882 -0.006960
524.0 1744.516660 2487.715050 215.000000 -0.314420 0.949185 -0.011881 -0.006842
525.0 1744.555310 2487.692940 215.000000 -0.314566 0.949141 -0.011298 -0.007225
526.0 1744.511094 2487.710550 215.000000 -0.314455 0.949175 -0.011535 -0.007182
527.0 1744.539021 2487.734035 215.000000 -0.314408 0.949196 -0.011315 -0.006853
528.0 1744.533446 2487.694516 215.000000 -0.314520 0.949148 -0.011989 -0.007150
529.0 1744.488694 2487.675923 215.000000 -0.314415 0.949184 -0.012013 -0.006935
530.0 1744.516950 2487.720256 215.000000 -0.314468 0.949182 -0.010864 -0.006734
531.0 1744.531286 2487.702959 215.000000 -0.314536 0.949142 -0.011951 -0.007342
532.0 1744.539658 2487.695053 215.000000 -0.314569 0.949148 -0.010693 -0.007081
533.0 1744.536343 2487.697679 215.000000 -0.314399 0.949188 -0.011923 -0.007282
534.0 1744.529548 2487.697722 215.000000 -0.314430 0.949192 -0.011154 -0.006671
535.0 1744.546361 2487.706640 215.000000 -0.314463 0.949173 -0.011611 -0.006920
536.0 1744.534678 2487.714212 215.000000 -0.314288 0.949236 -0.011436 -0.006649
537.0 1744.515882 2487.691467 215.000000 -0.314384 0.949210 -0.010846 -0.006771
538.0 1744.534890 2487.675805 215.000000 -0.314414 0.949190 -0.011675 -0.006819
539.0 1744.517117 2487.694534 215.000000 -0.314364 0.949206 -0.011561 -0.007058
540.0 1744.528650 2487.720716 215.000000 -0.314447 0.949188 -0.011072 -0.006480
541.0 1744.517549 2487.704739 215.000000 -0.314314 0.949231 -0.011015 -0.006799
542.0 1744.554952 2487.696473 215.000000 -0.314629 0.949123 -0.011101 -0.007169
543.0 1744.520060 2487.704883 215.000000 -0.314260 0.949239 -0.011823 -0.006877
544.0 1744.538342 2487.702135 215.000000 -0.314347 0.949212 -0.011353 -0.007349
545.0 1744.522973 2487.696842 215.000000 -0.314558 0.949146 -0.011254 -0.006940
546.0 1744.518899 2487.697586 215.000000 -0.314383 0.949199 -0.011632 -0.007056
547.0 1744.535853 2487.696565 215.000000 -0.314512 0.949169 -0.010722 -0.006683
548.0 1744.538341 2487.671132 215.000000 -0.314497 0.949155 -0.011890 -0.007419
549.0 1744.536007 2487.701352 215.000000 -0.314505 0.949166 -0.011062 -0.006884
550.0 1744.544142 2487.708038 215.000000 -0.314545 0.949159 -0.010662 -0.006736
551.0 1744.532713 2487.685517 215.000000 -0.314256 0.949247 -0.011338 -0.006662
